1012
11
1133
1181
1204
1253
13
1394
1426
1455
1456
1487
1699
1769
1778
1810
1828
1832
1841
1885
1894
1897
1899
19
1927
21
23
670
920
1013
1115
1116
12
1203
1391
1392
1393
14
1405
1420
1421
1422
1457
1458
1459
1460
1461
1486
15
1526
1565
1569
16
1677
17
1700
1702
1711
1753
1768
1777
1784
1785
18
1805
1827
1870
1892
1901
1914
1917
1920
20
22
428
437
471
512
539
625
643
927
970
1247
1558
45
48
498
505
544
602
730
742
862
874
878
1480
46
462
47
49
494
502
885
1003
1004
1260
1261
1263
1264
1265
1266
1269
1270
1271
1274
1462
1463
1466
1468
1473
1476
1479
1481
1482
1740
1743
770
847
896
897
1223
1262
1268
1275
1300
1464
1484
1517
1551
1705
1742
537
57
58
743
895
913
929
956
1021
1304
1429
1509
1545
1662
1701
1751
179
181
1813
182
183
1830
184
1846
1889
1898
1937
1938
1945
524
629
658
822
823
917
932
957
1023
1062
1080
1127
1160
1189
1306
1424
1427
1474
1535
1567
1643
1729
1765
180
185
186
1931
412
500
514
628
633
683
741
755
804
811
832
860
1064
1092
1443
1452
1525
1619
1681
1685
1707
189
190
191
192
640
651
652
675
881
882
928
1255
1383
1494
1877
1879
193
194
501
545
616
635
676
893
936
1177
1406
1543
1686
217
220
473
681
1043
1114
1123
1124
1175
1322
1489
1679
1741
218
219
440
553
589
619
627
641
733
761
839
942
995
1046
1382
1537
1610
1626
1684
1847
1881
1948
221
222
223
225
226
827
1365
1381
1521
1833
1942
224
227
486
543
1006
1118
1126
1145
1196
1386
1663
1687
1690
1696
1715
1722
1814
1838
1843
1943
1946
239
240
241
242
243
452
759
892
1005
1007
1117
1142
1370
1507
1624
1815
1848
1862
1950
1952
238
244
474
483
559
608
1585
1587
1589
1590
1591
1592
1593
1594
1595
1596
1601
1603
1604
1605
1606
1607
1608
1586
1588
1597
1602
253
888
948
949
1019
1044
1089
1125
1141
1519
1527
1578
1579
1580
1581
1582
1583
1615
1616
1617
1631
1636
1644
1793
1817
1900
1909
1910
256
257
259
260
261
607
746
872
931
984
1154
1447
1490
1491
1541
1614
1630
1645
1736
1788
1792
258
262
430
451
491
623
685
719
750
796
916
1245
1453
1625
1654
1745
1749
1918
277
278
279
280
626
841
842
843
1171
1278
1483
1549
1651
1652
1653
1671
1737
1738
1748
482
728
769
883
958
1109
1128
1187
1285
1389
1438
1454
1553
1922
1930
1941
281
283
284
495
812
933
938
960
972
1284
1286
1305
1316
1376
1470
1773
1849
1883
282
285
286
287
288
289
290
513
520
558
615
632
806
829
833
891
1057
1073
1096
1097
1198
1314
1317
1750
1774
1844
1924
1932
1947
300
302
303
304
305
306
307
647
911
954
1191
1254
1279
1311
1407
1467
1518
1523
1708
299
301
308
309
460
472
609
648
671
831
834
994
1111
1229
1230
1238
1273
1338
1344
1346
1347
1398
1399
1431
1433
1436
1444
1449
1450
1506
1508
1574
1600
1613
1732
1744
1806
1807
1823
1831
1834
1853
1869
1874
1904
1921
1923
325
327
328
331
333
337
343
344
345
346
449
575
712
715
716
718
777
915
925
959
1069
1077
1227
1231
1240
1249
1290
1301
1396
1397
1400
1401
1402
1425
1435
1439
1451
1575
1584
1621
1622
1629
1660
1680
1689
1693
1695
1747
1797
1826
1835
1840
1860
1891
1903
1916
1949
323
324
326
329
330
332
334
335
336
338
339
340
341
342
347
349
350
410
441
450
467
476
479
499
576
614
644
706
714
717
731
732
752
753
797
800
810
838
886
906
924
962
1144
1210
1291
1730
1772
1808
1929
381
385
634
686
735
1282
1329
1570
1704
382
383
384
386
387
478
532
578
672
736
745
763
926
971
